version https://git-lfs.github.com/spec/v1
oid sha256:dd193ddc3ae391e9f3976efc1a4931f70340ff41823ae7dc1c26f6c3da14704f
size 623021
