version https://git-lfs.github.com/spec/v1
oid sha256:0215529502c69c55a1e183b009c60e486da498cbd0bdd5e50cdc15a4861589fb
size 624171
