version https://git-lfs.github.com/spec/v1
oid sha256:f39cc62e315651bbb85d27af31bbd04febe41ad526c3eb8074b7c701a91f4638
size 623868
